google コラボラトリ　pythonツール
googleアカウント必須

●python基礎
・それぞれ別セルで記入
・セル左側の再生ボタンを押すと実行される
・tab補完あり

<pandas>
●CSVを読み込む
In[1]
import pandas as pd
import numpy as np

#pandasとnumpyの定義付け
#pandasはデータを扱うのに使うツール

In[2]
data = pd. read_csv("iris.csv" , engine="python" , encoding="s-jis")
#関数(引数"データ名" , engineとencodeingは日本語のファイルのみ)

In[3]
data

●種別ごとに、各列の平均値を出す
In[13]
data_setosa = data[data["あやめ"] == "ｾﾄﾅ"]
data_setosa. mean ()

#.mean()は各列の平均値が出てくる

●偶数行のみ取り出す
data_even = data[(data .index % 2) == 0]
data_even

#(data .index % 2) == 0はデータのindex(行番)を2で割ってあまりが0
#np .array(data .index) は出した数列を表示する
#np .arrayなしだと初項と末項と項数のみ表示

●がく片が6以上の行を取り出す
data_sepal6 = data[data["がく片"] >= 6]
data_sepal6

<numpy>
●要素が10個の1次元配列を作る
np .arange(10)
 →array([0, 1, 2, 3, 4, 5, 6, 7, 8, 9])
np .array([2,5,2,6,8,0])
 →array([2, 5, 2, 6, 8, 0])

●要素が10×10個の2次元配列を作る
matrix = np .arange(100) . reshape(10, 10)
matrix
 →array([[ 0,  1,  2,  3,  4,  5,  6,  7,  8,  9],
       [10, 11, 12, 13, 14, 15, 16, 17, 18, 19],
       [20, 21, 22, 23, 24, 25, 26, 27, 28, 29],
       [30, 31, 32, 33, 34, 35, 36, 37, 38, 39],
       [40, 41, 42, 43, 44, 45, 46, 47, 48, 49],
       [50, 51, 52, 53, 54, 55, 56, 57, 58, 59],
       [60, 61, 62, 63, 64, 65, 66, 67, 68, 69],
       [70, 71, 72, 73, 74, 75, 76, 77, 78, 79],
       [80, 81, 82, 83, 84, 85, 86, 87, 88, 89],
       [90, 91, 92, 93, 94, 95, 96, 97, 98, 99]])

●行列の一部分を抜き出す
matrix[2:6 , 2:8]
 →array([[22, 23, 24, 25, 26, 27],
       [32, 33, 34, 35, 36, 37],
       [42, 43, 44, 45, 46, 47],
       [52, 53, 54, 55, 56, 57]])

#2:6　2行目から5行目まで
#2:8　2列目から7行目まで
※1行(列)マイナスで考える

matrix[[0,1,3], :][: ,[0,1,3]]
　→array([[ 0,  1,  3],
       [10, 11, 13],
       [30, 31, 33]])
#:のみはすべての行(列)を対象にする

matrix2 = np .r_[matrix ,matrix]
matrix2
 →array([[ 0,  1,  2,  3,  4,  5,  6,  7,  8,  9],
       [10, 11, 12, 13, 14, 15, 16, 17, 18, 19],
       [20, 21, 22, 23, 24, 25, 26, 27, 28, 29],
       [30, 31, 32, 33, 34, 35, 36, 37, 38, 39],
       [40, 41, 42, 43, 44, 45, 46, 47, 48, 49],
       [50, 51, 52, 53, 54, 55, 56, 57, 58, 59],
       [60, 61, 62, 63, 64, 65, 66, 67, 68, 69],
       [70, 71, 72, 73, 74, 75, 76, 77, 78, 79],
       [80, 81, 82, 83, 84, 85, 86, 87, 88, 89],
       [90, 91, 92, 93, 94, 95, 96, 97, 98, 99],
       [ 0,  1,  2,  3,  4,  5,  6,  7,  8,  9],
       [10, 11, 12, 13, 14, 15, 16, 17, 18, 19],
       [20, 21, 22, 23, 24, 25, 26, 27, 28, 29],
       [30, 31, 32, 33, 34, 35, 36, 37, 38, 39],
       [40, 41, 42, 43, 44, 45, 46, 47, 48, 49],
       [50, 51, 52, 53, 54, 55, 56, 57, 58, 59],
       [60, 61, 62, 63, 64, 65, 66, 67, 68, 69],
       [70, 71, 72, 73, 74, 75, 76, 77, 78, 79],
       [80, 81, 82, 83, 84, 85, 86, 87, 88, 89],
       [90, 91, 92, 93, 94, 95, 96, 97, 98, 99]])
#np.r_[A,B]　AとBを上下にくっつける

●ある値の要素をすべてゼロに置き換える
matrix2[matrix2 == 25] = 0
matrix2
 →array([[ 0,  1,  2,  3,  4,  5,  6,  7,  8,  9],
       [10, 11, 12, 13, 14, 15, 16, 17, 18, 19],
       [20, 21, 22, 23, 24,  0, 26, 27, 28, 29],
       [30, 31, 32, 33, 34, 35, 36, 37, 38, 39],
       [40, 41, 42, 43, 44, 45, 46, 47, 48, 49],
       [50, 51, 52, 53, 54, 55, 56, 57, 58, 59],
       [60, 61, 62, 63, 64, 65, 66, 67, 68, 69],
       [70, 71, 72, 73, 74, 75, 76, 77, 78, 79],
       [80, 81, 82, 83, 84, 85, 86, 87, 88, 89],
       [90, 91, 92, 93, 94, 95, 96, 97, 98, 99],
       [ 0,  1,  2,  3,  4,  5,  6,  7,  8,  9],
       [10, 11, 12, 13, 14, 15, 16, 17, 18, 19],
       [20, 21, 22, 23, 24,  0, 26, 27, 28, 29],
       [30, 31, 32, 33, 34, 35, 36, 37, 38, 39],
       [40, 41, 42, 43, 44, 45, 46, 47, 48, 49],
       [50, 51, 52, 53, 54, 55, 56, 57, 58, 59],
       [60, 61, 62, 63, 64, 65, 66, 67, 68, 69],
       [70, 71, 72, 73, 74, 75, 76, 77, 78, 79],
       [80, 81, 82, 83, 84, 85, 86, 87, 88, 89],
       [90, 91, 92, 93, 94, 95, 96, 97, 98, 99]])

#matrix2内の「25」が0に置き換わる
